40
80
00000000000000000000000000000000000000000000000000000000000000000000000000000000
00000000000000000000000000000000000000000000000000000000000000000000000000000000
00000000000000000000000000000000000000000000000000000000000000000000000000000000
00000000000000000000000000000000000000000000000000000000000000000000000000000000
00000000000000000000000000000000000000000000000000000000000000000000000000000000
00000000000000000000000000000000000000000000000000000000000000000000000000000000
00000000000000000000000000000000000000000000000000000000000000000000000000000000
00000000000000000000000000000000000000000000000000000000000000000000000000000000
00000000000000000000000000000000000000000000000000000000000000000000000000000000
00000000000000000010000000000000000000000000000000000000000000000000000000000000
00000000000000000010100000000000000000000000000000000000000000000000000000000000
00000000000000000010100000000000000000000000000000000000000000000000000000000000
00000000000000000010100000000000000000000110000000000000000000000000000000000000
00000000000000000110100000000000000000010010000000000000000000000000000000000000
00000000000000000101100000000000000000011010000000000000000000000000000000000000
00000000000000000101000000000000000000001011000000000000000000000000000000000000
00000000000000000101000000000000000000001001100000000000000000000000000000000000
00000000000000000101000000000000000000001000100000000000000000000000000000000000
00000000000000000101000000000000000000001100110000000000000000000000000000000000
00000000000000000101000000000000000000000100010000000000000000000000000000000000
00000000000000000101000000000000000000000110011000000000000000000000000000000000
00000000000000000101000000000000000000000011001000000000000000000000000000000000
00000000000000000001000000000000000000000001101100000000000000000000000000000000
00000000000000000000000000000000000000000000000000000000000000000000000000000000
00000000000000000000000000000000000000000000000000000000000000000000000000000000
00000000000000000000000000000000000000000000000000000000000000000000000000000000
00000000000000000000000000000000000000000000000000000000000000000000000000000000
00000000000000000000000000000000000000000000000000000000000000000000000000000000
00000000000000000000000000000000000000000000000000000000000000000000000000000000
00000000000000000000000000000000000000000000000000000000000000000000000000000000
00000000000000000000000000000000000000000000000000000000000000000000000000000000
00000000000000000000000000000000000000000000000000000000000000110000000000000000
00000000000000000000000000000000000000000000000000000000000000011110000000000000
00000000000000000000000000000000000000000000000000000000000001100011100000000000
00000000000000000000000000000000000000000000000000000000000000111110111100000000
00000000000000000000000000000000000000000000000000000000000000000011110111100000
00000000000000000000000000000000000000000000000000000000000000000000010000000000
00000000000000000000000000000000000000000000000000000000000000000000000000000000
00000000000000000000000000000000000000000000000000000000000000000000000000000000
00000000000000000000000000000000000000000000000000000000000000000000000000000000
